time,right_j0,right_j1,right_j2,right_j3,right_j4,right_j5,right_j6,right_gripper
0.000000000000,-0.002096679687,-0.870647460938,0.000909179688,2.092173828125,0.002195312500,0.000666992188,-0.001927734375,0.040207560420
0.081424481905,-0.002214847535,-0.870029203828,0.000855245412,2.093623587853,0.002189653187,0.001662573977,0.001132774708,0.040207560420
0.162848963809,-0.002900999240,-0.868851546478,0.000741237717,2.097123520874,0.002174798751,0.004072006565,0.006938475660,0.040207560420
0.244273445714,-0.004643596950,-0.867110862537,0.000566829985,2.103154366107,0.002145032102,0.008110673129,0.015198809307,0.040207560420
0.325697927619,-0.007747576517,-0.864802531512,0.000340779682,2.111703071695,0.002093366460,0.013760517614,0.025646219997,0.040207560420
0.407122409523,-0.012345196624,-0.861953082436,0.000079566532,2.122328649992,0.002012149186,0.020853021557,0.038034519306,0.040207560420
0.488546891428,-0.018492015690,-0.858614223460,-0.000195768913,2.134392057513,0.001893414153,0.029155560943,0.052137360258,0.040207560420
0.569971373333,-0.026166613311,-0.854832321711,-0.000462958756,2.147190904960,0.001729067307,0.038406638126,0.067746814775,0.040207560420
0.651395855237,-0.035260017636,-0.850631564692,-0.000699986972,2.160077126006,0.001510243610,0.048325280347,0.084672047587,0.040207560420
0.732820337142,-0.045630211904,-0.846031108043,-0.000884262305,2.172626383359,0.001225983473,0.058620737952,0.102738080264,0.040207560420
0.814244819047,-0.057141579994,-0.841061821563,-0.000992452061,2.184680087827,0.000864116825,0.069001514992,0.121784639410,0.040207560420
0.895669300952,-0.069642923583,-0.835761769990,-0.001003522450,2.196140479080,0.000416728298,0.079184121105,0.141665083494,0.040207560420
0.977093782856,-0.082942183003,-0.830165320837,-0.000903971507,2.206781406324,-0.000112984852,0.088895204114,0.162245403111,0.040207560420
1.058518264761,-0.096828801630,-0.824297750564,-0.000694136080,2.216281880228,-0.000705551976,0.097862893143,0.183403289820,0.040207560420
1.139942746666,-0.111119146048,-0.818174510090,-0.000394224707,2.224361122944,-0.001321304436,0.105815586582,0.205027269018,0.040207560420
1.221367228570,-0.125681835016,-0.811804150573,-0.000044841678,2.230849850472,-0.001900380457,0.112504763782,0.227015892610,0.040207560420
1.302791710475,-0.140443231901,-0.805193089564,0.000298645956,2.235701020153,-0.002368830769,0.117757405462,0.249276987495,0.040207560420
1.384216192380,-0.155373267215,-0.798347783493,0.000576941672,2.238991631303,-0.002652678907,0.121525254509,0.271726956154,0.040207560420
1.465640674284,-0.170450426195,-0.791272947811,0.000744228937,2.240932801922,-0.002702789709,0.123915222264,0.294290125892,0.040207560420
1.547065156189,-0.185628266489,-0.783968973414,0.000785278485,2.241872228718,-0.002519491298,0.125199461069,0.316898143453,0.040207560420
1.628489638094,-0.200831527102,-0.776432289621,0.000718654075,2.242248266236,-0.002155153033,0.125775991652,0.339489412005,0.040207560420
1.709914119998,-0.215986804374,-0.768659865351,0.000584224431,2.242482682824,-0.001691414229,0.126072717083,0.362008567650,0.040207560420
1.791338601903,-0.231062535456,-0.760655008408,0.000426248695,2.242868561500,-0.001209825478,0.126445008914,0.384405992797,0.040207560420
1.872763083808,-0.246088777645,-0.752430720625,0.000282133514,2.243525945434,-0.000773730212,0.127123560531,0.406637363940,0.040207560420
1.954187565712,-0.261151716178,-0.744010208413,0.000178116167,2.244433640318,-0.000423572434,0.128217610274,0.428663231516,0.040207560420
2.035612047617,-0.276376162774,-0.735426160695,0.000128720788,2.245493389160,-0.000179093948,0.129743650491,0.450448629677,0.040207560420
2.117036529522,-0.291907133322,-0.726719550642,0.000137968548,2.246586777712,-0.000043689073,0.131656288919,0.471962713959,0.040207560420
2.198461011427,-0.307892936670,-0.717937916547,0.000201617154,2.247611758214,-0.000009261167,0.133874220028,0.493178424967,0.040207560420
2.279885493331,-0.324469455340,-0.709133261916,0.000309770822,2.248501917202,-0.000060795130,0.136301013033,0.514072176289,0.040207560420
2.361309975236,-0.341747907064,-0.700359948382,0.000449267414,2.249232567678,-0.000180032587,0.138840131496,0.534623565015,0.040207560420
2.442734457141,-0.359808925068,-0.691672663030,0.000605643834,2.249814364518,-0.000348043729,0.141403570077,0.554815103313,0.040207560420
2.524158939045,-0.378702509164,-0.683124157240,0.000764804132,2.250275639976,-0.000546929813,0.143915465792,0.574631969607,0.040207560420
2.605583420950,-0.398451082993,-0.674762695448,0.000914482813,2.250638775896,-0.000760981363,0.146313050014,0.594061778049,0.040207560420
2.687007902855,-0.419053698402,-0.666629799553,0.001045355481,2.250899412868,-0.000977406443,0.148546294821,0.613094364990,0.040207560420
2.768432384759,-0.440490970091,-0.658759016480,0.001151563515,2.251016389606,-0.001186589233,0.150576486755,0.631721591315,0.040207560420
2.849856866664,-0.462730667786,-0.651175860110,0.001230599329,2.250915105419,-0.001381901586,0.152373943080,0.649937159523,0.040207560420
2.931281348569,-0.485733455659,-0.643898487934,0.001282731325,2.250501198365,-0.001559221491,0.153915496463,0.667736444540,0.040207560420
3.012705830473,-0.509458005423,-0.636938597542,0.001310236456,2.249678217646,-0.001716353019,0.155182388601,0.685116337317,0.040207560420
3.094130312378,-0.533864840424,-0.630302292301,0.001316653362,2.248362953791,-0.001852489343,0.156158897615,0.702075100320,0.040207560420
3.175554794283,-0.558918569557,-0.623990872821,0.001306162925,2.246494345833,-0.001967783983,0.156831786845,0.718612234071,0.040207560420
3.256979276187,-0.584588476994,-0.618001537350,0.001283116072,2.244034961619,-0.002063040405,0.157190597014,0.734728353985,0.040207560420
3.338403758092,-0.610847714520,-0.612327944239,0.001251685703,2.240966563862,-0.002139502488,0.157228723333,0.750425076766,0.040207560420
3.419828239997,-0.637671577831,-0.606960617844,0.001215614918,2.237282532851,-0.002198718832,0.156945014710,0.765704915691,0.040207560420
3.501252721902,-0.665035467881,-0.601887254579,0.001178046741,2.232979997775,-0.002242453697,0.156345415234,0.780571184158,0.040207560420
3.582677203806,-0.692913076586,-0.597093034895,0.001141431706,2.228053859540,-0.002272621765,0.155444121478,0.795027906902,0.040207560420
3.664101685711,-0.721275112657,-0.592561030135,0.001107510315,2.222493890107,-0.002291230613,0.154263909386,0.809079738345,0.040207560420
3.745526167616,-0.750088614632,-0.588272730427,0.001077360198,2.216285094317,-0.002300322157,0.152835581135,0.822731887553,0.040207560420
3.826950649520,-0.779316713575,-0.584208656443,0.001051490062,2.209410739945,-0.002301910804,0.151196731448,0.835990049340,0.040207560420
3.908375131425,-0.808918661543,-0.580348984323,0.001029959003,2.201856999120,-0.002297920852,0.149390141909,0.848860341072,0.040207560420
3.989799613330,-0.838849998803,-0.576674112456,0.001012501420,2.193617996784,-0.002290128310,0.147462089946,0.861349244748,0.040207560420
4.071224095234,-0.869062818439,-0.573165118343,0.000998642529,2.184700175283,-0.002280112737,0.145460769382,0.873463553985,0.040207560420
4.152648577139,-0.899506142975,-0.569804079084,0.000987795390,2.175125181621,-0.002269223447,0.143434922257,0.885210325550,0.040207560420
4.234073059044,-0.930126435846,-0.566574251622,0.000979335683,2.164930874666,-0.002258561988,0.141432709564,0.896596835086,0.040207560420
4.315497540948,-0.960868245484,-0.563460125461,0.000972654539,2.154170437924,-0.002248980258,0.139500808013,0.907630536746,0.040207560420
4.396922022853,-0.991674946959,-0.560447371292,0.000967192297,2.142909891455,-0.002241091624,0.137683703908,0.918319026429,0.040207560420
4.478346504758,-1.022489525031,-0.557522714806,0.000962457189,2.131224483324,-0.002235291396,0.136023153469,0.928670008351,0.040207560420
4.559770986662,-1.053255339363,-0.554673766917,0.000958033085,2.119194505831,-0.002231782916,0.134557783173,0.938691264709,0.040207560420
4.641195468567,-1.083916823940,-0.551888840401,0.000953579904,2.106901050074,-0.002230606088,0.133322809098,0.948390628185,0.040207560420
4.722619950472,-1.114420090646,-0.549156778987,0.000948829513,2.094422118943,-0.002231666043,0.132349858549,0.957775957099,0.040207560420
4.804044432376,-1.144713424558,-0.546466818985,0.000943579143,2.081829395234,-0.002234760439,0.131666879745,0.966855112987,0.040207560420
4.885468914281,-1.174747671938,-0.543808496197,0.000937683678,2.069185832899,-0.002239604621,0.131298126447,0.975635940425,0.040207560420
4.966893396186,-1.204476530040,-0.541171603421,0.000931047660,2.056544122822,-0.002245854279,0.131264204596,0.984126248925,0.040207560420
5.048317878091,-1.233856751407,-0.538546196965,0.000923617542,2.043945990756,-0.002253125559,0.131582168178,0.992333796738,0.040207560420
5.129742359995,-1.262848275918,-0.535922645352,0.000915374437,2.031422219271,-0.002261012699,0.132265652021,1.000266276417,0.040207560420
5.211166841900,-1.291414302773,-0.533291709883,0.000906327534,2.018993248094,-0.002269103291,0.133325030328,1.007931301991,0.040207560420
5.292591323805,-1.319521312985,-0.530644645198,0.000896508234,2.006670194468,-0.002276991307,0.134767591487,1.015336397634,0.040207560420
5.374015805709,-1.347139051301,-0.527973307996,0.000885964999,1.994456141317,-0.002284287994,0.136597721708,1.022488987693,0.040207560420
5.455440287614,-1.374240475147,-0.525270263305,0.000874758925,1.982347559565,-0.002290630730,0.138817092187,1.029396387973,0.040207560420
5.536864769519,-1.400801677059,-0.522528879673,0.000862959957,1.970335755918,-0.002295689960,0.141424846368,1.036065798173,0.040207560420
5.618289251423,-1.426801786192,-0.519743406918,0.000850643734,1.958408264114,-0.002299174303,0.144417785392,1.042504295375,0.040207560420
5.699713733328,-1.452222853753,-0.516909032430,0.000837888969,1.946550122786,-0.002300833975,0.147790550876,1.048718828495,0.040207560420
5.781138215233,-1.477049726526,-0.514021914110,0.000824775326,1.934745004958,-0.002300462659,0.151535804753,1.054716213617,0.040207560420
5.862562697137,-1.501269912027,-0.511079189873,0.000811381729,1.922976181841,-0.002297898005,0.155644406163,1.060503130129,0.040207560420
5.943987179042,-1.524873438249,-0.508078965057,0.000797785030,1.911227317133,-0.002293020928,0.160105585364,1.066086117601,0.040207560420
6.025411660947,-1.547852710413,-0.505020280099,0.000784059001,1.899483097633,-0.002285753922,0.164907114515,1.071471573315,0.040207560420
6.106836142851,-1.570202366649,-0.501903061537,0.000770273587,1.887729712404,-0.002276058555,0.170035474957,1.076665750418,0.040207560420
6.188260624756,-1.591919134125,-0.498728059679,0.000756494385,1.875955196431,-0.002263932377,0.175476020483,1.081674756612,0.040207560420
6.269685106661,-1.613001686766,-0.495496776407,0.000742782296,1.864149656513,-0.002249405392,0.181213135944,1.086504553354,0.040207560420
6.351109588566,-1.633450505460,-0.492211386366,0.000729193333,1.852305397349,-0.002232536277,0.187230390504,1.091160955495,0.040207560420
6.432534070470,-1.653267741374,-0.488874654558,0.000715778543,1.840416965135,-0.002213408491,0.193510684872,1.095649631333,0.040207560420
6.513958552375,-1.672457082894,-0.485489852944,0.000702584028,1.828481124601,-0.002192126396,0.200036391884,1.099976103030,0.040207560420
6.595383034280,-1.691023626536,-0.482060678217,0.000689651031,1.816496783776,-0.002168811486,0.206789489922,1.104145747353,0.040207560420
6.676807516184,-1.708973752123,-0.478591172521,0.000677016085,1.804464878953,-0.002143598812,0.213751688765,1.108163796706,0.040207560420
6.758231998089,-1.726315002431,-0.475085648412,0.000664711203,1.792388230538,-0.002116633651,0.220904547575,1.112035340432,0.040207560420
6.839656479994,-1.743055967504,-0.471548619016,0.000652764091,1.780271378764,-0.002088068454,0.228229584821,1.115765326337,0.040207560420
6.921080961898,-1.759206173771,-0.467984734010,0.000641198387,1.768120406731,-0.002058060108,0.235708380066,1.119358562419,0.040207560420
7.002505443803,-1.774775978094,-0.464398721732,0.000630033913,1.755942756847,-0.002026767506,0.243322667586,1.122819718778,0.040207560420
7.083929925708,-1.789776466858,-0.460795337554,0.000619286929,1.743747045580,-0.001994349435,0.251054421889,1.126153329686,0.040207560420
7.165354407612,-1.804219360167,-0.457179318423,0.000608970392,1.731542880402,-0.001960962760,0.258885935239,1.129363795785,0.040207560420
7.246778889517,-1.818116921225,-0.453555343368,0.000599094208,1.719340681977,-0.001926760904,0.266799887337,1.132455386404,0.040207560420
7.328203371422,-1.831481870924,-0.449927999666,0.000589665485,1.707151513874,-0.001891892584,0.274779407359,1.135432241977,0.040207560420
7.409627853326,-1.844327307643,-0.446301754299,0.000580688770,1.694986921569,-0.001856500800,0.282808128572,1.138298376543,0.040207560420
7.491052335231,-1.856666632261,-0.442680930279,0.000572166286,1.682858781906,-0.001820722038,0.290870235781,1.141057680311,0.040207560420
7.572476817136,-1.868513478312,-0.439069687418,0.000564098152,1.670779163875,-0.001784685677,0.298950505891,1.143713922281,0.040207560420
7.653901299041,-1.879881647233,-0.435472007114,0.000556482591,1.658760201145,-0.001748513558,0.307034341884,1.146270752911,0.040207560420
7.735325780945,-1.890785048592,-0.431891680712,0.000549316132,1.646813976573,-0.001712319717,0.315107800529,1.148731706809,0.040207560420
7.816750262850,-1.901237645177,-0.428332301042,0.000542593795,1.634952418655,-0.001676210234,0.323157614171,1.151100205456,0.040207560420
7.898174744755,-1.911253402799,-0.424797256757,0.000536309264,1.623187209717,-0.001640283202,0.331171206952,1.153379559930,0.040207560420
7.979599226659,-1.920846244658,-0.421289729082,0.000530455055,1.611529705498,-0.001604628784,0.339136705828,1.155572973645,0.040207560420
8.061023708564,-1.930030010066,-0.417812690679,0.000525022662,1.599990865660,-0.001569329346,0.347042946757,1.157683545078,0.040207560420
8.142448190469,-1.938818417352,-0.414368906299,0.000520002698,1.588581194699,-0.001534459651,0.354879476440,1.159714270497,0.040207560420
8.223872672373,-1.947225030738,-0.410960934960,0.000515385026,1.577310692630,-0.001500087106,0.362636549991,1.161668046661,0.040207560420
8.305297154278,-1.955263230969,-0.407591133399,0.000511158879,1.566188814823,-0.001466272044,0.370305124922,1.163547673509,0.040207560420
8.386721636183,-1.962946189484,-0.404261660582,0.000507312963,1.555224440297,-0.001433068033,0.377876851804,1.165355856823,0.040207560420
8.468146118087,-1.970286845902,-0.400974483078,0.000503835562,1.544425847814,-0.001400522211,0.385344061980,1.167095210852,0.040207560420
8.549570599992,-1.977297888607,-0.397731381123,0.000500714627,1.533800699068,-0.001368675629,0.392699752676,1.168768260915,0.040207560420
8.630995081897,-1.983991738218,-0.394533955215,0.000497937857,1.523356028320,-0.001337563603,0.399937569844,1.170377445961,0.040207560420
8.712419563801,-1.990380533714,-0.391383633132,0.000495492777,1.513098237808,-0.001307216072,0.407051789077,1.171925121088,0.040207560420
8.793844045706,-1.996476121032,-0.388281677227,0.000493366801,1.503033098311,-0.001277657946,0.414037294884,1.173413560025,0.040207560420
8.875268527611,-2.002290043908,-0.385229191931,0.000491547294,1.493165754271,-0.001248909458,0.420889558614,1.174844957569,0.040207560420
8.956693009516,-2.007833536790,-0.382227131354,0.000490021630,1.483500732893,-0.001220986504,0.427604615314,1.176221431975,0.040207560420
9.038117491420,-2.013117519624,-0.379276306931,0.000488777232,1.474041956696,-0.001193900974,0.434179039743,1.177545027298,0.040207560420
9.119541973325,-2.018152594350,-0.376377395046,0.000487801624,1.464792759019,-0.001167661068,0.440609921793,1.178817715691,0.040207560420
9.200966455230,-2.022949042924,-0.373530944571,0.000487082461,1.455755902009,-0.001142271606,0.446894841505,1.180041399650,0.040207560420
9.282390937134,-2.027516826731,-0.370737384299,0.000486607569,1.446933596680,-0.001117734319,0.453031843891,1.181217914210,0.040207560420
9.363815419039,-2.031865587226,-0.367997030217,0.000486364969,1.438327524648,-0.001094048130,0.459019413702,1.182349029094,0.040207560420
9.445239900944,-2.036004647675,-0.365310092602,0.000486342903,1.429938861176,-0.001071209414,0.464856450323,1.183436450804,0.040207560420
9.526664382848,-2.039943015863,-0.362676682907,0.000486529858,1.421768299238,-0.001049212253,0.470542242909,1.184481824669,0.040207560420
9.608088864753,-2.043689387660,-0.360096820431,0.000486914581,1.413816074277,-0.001028048665,0.476076445884,1.185486736837,0.040207560420
9.689513346658,-2.047252151324,-0.357570438753,0.000487486098,1.406081989436,-0.001007708829,0.481459054904,1.186452716216,0.040207560420
9.770937828562,-2.050639392454,-0.355097391918,0.000488233721,1.398565441010,-0.000988181291,0.486690383379,1.187381236371,0.040207560420
9.852362310467,-2.053858899490,-0.352677460375,0.000489147065,1.391265443926,-0.000969453153,0.491771039612,1.188273717358,0.040207560420
9.933786792372,-2.056918169684,-0.350310356658,0.000490216051,1.384180657077,-0.000951510258,0.496701904628,1.189131527521,0.040207560420
10.015211274276,-2.059824415462,-0.347995730815,0.000491430913,1.377309408360,-0.000934337352,0.501484110743,1.189955985233,0.040207560420
10.096635756181,-2.062584571104,-0.345733175570,0.000492782203,1.370649719281,-0.000917918239,0.506119020902,1.190748360587,0.040207560420
10.178060238086,-2.065205299695,-0.343522231251,0.000494260793,1.364199329018,-0.000902235926,0.510608208824,1.191509877044,0.040207560420
10.259484719990,-2.067693000259,-0.341362390446,0.000495857877,1.357955717854,-0.000887272753,0.514953439980,1.192241713028,0.040207560420
10.340909201895,-2.070053815068,-0.339253102433,0.000497564968,1.351916129894,-0.000873010511,0.519156653404,1.192945003476,0.040207560420
10.422333683800,-2.072293637034,-0.337193777359,0.000499373900,1.346077595019,-0.000859430559,0.523219944358,1.193620841346,0.040207560420
10.503758165705,-2.074418117180,-0.335183790188,0.000501276823,1.340436950006,-0.000846513917,0.527145547841,1.194270279073,0.040207560420
10.585182647609,-2.076432672136,-0.333222484431,0.000503266202,1.334990858795,-0.000834241368,0.530935822953,1.194894329983,0.040207560420
10.666607129514,-2.078342491631,-0.331309175643,0.000505334811,1.329735831874,-0.000822593533,0.534593238087,1.195493969671,0.040207560420
10.748031611419,-2.080152545948,-0.329443154724,0.000507475727,1.324668244754,-0.000811550954,0.538120356947,1.196070137322,0.040207560420
10.829456093323,-2.081867593327,-0.327623691009,0.000509682330,1.319784355533,-0.000801094159,0.541519825387,1.196623737001,0.040207560420
10.910880575228,-2.083492187291,-0.325850035163,0.000511948291,1.315080321547,-0.000791203724,0.544794359023,1.197155638905,0.040207560420
10.992305057133,-2.085030683867,-0.324121421892,0.000514267569,1.310552215110,-0.000781860334,0.547946731630,1.197666680559,0.040207560420
11.073729539037,-2.086487248698,-0.322437072476,0.000516634405,1.306196038346,-0.000773044824,0.550979764280,1.198157667997,0.040207560420
11.155154020942,-2.087865864028,-0.320796197132,0.000519043312,1.302007737143,-0.000764738232,0.553896315204,1.198629376880,0.040207560420
11.236578502847,-2.089170335540,-0.319197997207,0.000521489070,1.297983214225,-0.000756921833,0.556699270353,1.199082553598,0.040207560420
11.318002984751,-2.090404299058,-0.317641667228,0.000523966719,1.294118341383,-0.000749577175,0.559391534629,1.199517916324,0.040207560420
11.399427466656,-2.091571227078,-0.316126396799,0.000526471549,1.290408970877,-0.000742686109,0.561976023763,1.199936156035,0.040207560420
11.480851948561,-2.092674435144,-0.314651372353,0.000528999095,1.286850946035,-0.000736230816,0.564455656809,1.200337937503,0.040207560420
11.562276430465,-2.093717088055,-0.313215778787,0.000531545129,1.283440111078,-0.000730193830,0.566833349227,1.200723900249,0.040207560420
11.643700912370,-2.094702205897,-0.311818800954,0.000534105650,1.280172320210,-0.000724558053,0.569112006531,1.201094659465,0.040207560420
11.725125394275,-2.095632669903,-0.310459625051,0.000536676879,1.277043445974,-0.000719306778,0.571294518468,1.201450806907,0.040207560420
11.806549876180,-2.096511228133,-0.309137439887,0.000539255251,1.274049386945,-0.000714423695,0.573383753712,1.201792911756,0.040207560420
11.887974358084,-2.097340500987,-0.307851438048,0.000541837404,1.271186074749,-0.000709892909,0.575382555034,1.202121521449,0.040207560420
11.969398839989,-2.098122986528,-0.306600816963,0.000544420177,1.268449480470,-0.000705698940,0.577293734929,1.202437162480,0.040207560420
12.050823321894,-2.098861065639,-0.305384779876,0.000547000599,1.265835620462,-0.000701826737,0.579120071675,1.202740341180,0.040207560420
12.132247803798,-2.099557007005,-0.304202536730,0.000549575879,1.263340561592,-0.000698261677,0.580864305797,1.203031544461,0.040207560420
12.213672285703,-2.100212971914,-0.303053304969,0.000552143408,1.260960425954,-0.000694989570,0.582529136915,1.203311240540,0.040207560420
12.295096767608,-2.100831018902,-0.301936310261,0.000554700740,1.258691395084,-0.000691996657,0.584117220943,1.203579879633,0.040207560420
12.376521249512,-2.101413108214,-0.300850787148,0.000557245594,1.256529713688,-0.000689269615,0.585631167636,1.203837894632,0.040207560420
12.457945731417,-2.101961106120,-0.299795979632,0.000559775846,1.254471692935,-0.000686795548,0.587073538444,1.204085701747,0.040207560420
12.539370213322,-2.102476789050,-0.298771141692,0.000562289516,1.252513713322,-0.000684561991,0.588446844659,1.204323701137,0.040207560420
12.620794695226,-2.102961847587,-0.297775537746,0.000564784769,1.250652227148,-0.000682556899,0.589753545844,1.204552277510,0.040207560420
12.702219177131,-2.103417890302,-0.296808443050,0.000567259906,1.248883760619,-0.000680768649,0.590996048506,1.204771800704,0.040207560420
12.783643659036,-2.103846447431,-0.295869144057,0.000569713358,1.247204915612,-0.000679186028,0.592176705022,1.204982626249,0.040207560420
12.865068140940,-2.104248974422,-0.294956938717,0.000572143676,1.245612371115,-0.000677798233,0.593297812768,1.205185095906,0.040207560420
12.946492622845,-2.104626855326,-0.294071136736,0.000574549535,1.244102884369,-0.000676594858,0.594361613462,1.205379538188,0.040207560420
13.027917104750,-2.104981406059,-0.293211059798,0.000576929717,1.242673291736,-0.000675565891,0.595370292694,1.205566268864,0.040207560420
13.109341586655,-2.105313877528,-0.292376041737,0.000579283113,1.241320509312,-0.000674701702,0.596325979627,1.205745591440,0.040207560420
13.190766068559,-2.105625458625,-0.291565428684,0.000581608717,1.240041533297,-0.000673993039,0.597230746854,1.205917797623,0.040207560420
13.272190550464,-2.105917279103,-0.290778579176,0.000583905618,1.238833440160,-0.000673431018,0.598086610413,1.206083167778,0.040207560420
13.353615032369,-2.106190412325,-0.290014864236,0.000586172996,1.237693386589,-0.000673007110,0.598895529919,1.206241971350,0.040207560420
13.435039514273,-2.106445877899,-0.289273667422,0.000588410121,1.236618609270,-0.000672713138,0.599659408829,1.206394467289,0.040207560420
13.516463996178,-2.106684644200,-0.288554384852,0.000590616342,1.235606424494,-0.000672541266,0.600380094816,1.206540904447,0.040207560420
13.597888478083,-2.106907630781,-0.287856425203,0.000592791089,1.234654227609,-0.000672483987,0.601059380240,1.206681521966,0.040207560420
13.679312959987,-2.107115710684,-0.287179209696,0.000594933864,1.233759492341,-0.000672534117,0.601699002710,1.206816549647,0.040207560420
13.760737441892,-2.107309712650,-0.286522172045,0.000597044240,1.232919769983,-0.000672684781,0.602300645728,1.206946208313,0.040207560420
13.842161923797,-2.107490423223,-0.285884758406,0.000599121854,1.232132688476,-0.000672929411,0.602865939408,1.207070710151,0.040207560420
13.923586405701,-2.107658588772,-0.285266427295,0.000601166408,1.231395951386,-0.000673261730,0.603396461251,1.207190259044,0.040207560420
14.005010887606,-2.107814917418,-0.284666649497,0.000603177661,1.230707336799,-0.000673675744,0.603893736990,1.207305050893,0.040207560420
14.086435369511,-2.107960080874,-0.284084907961,0.000605155427,1.230064696124,-0.000674165737,0.604359241472,1.207415273921,0.040207560420
14.167859851415,-2.108094716205,-0.283520697683,0.000607099573,1.229465952842,-0.000674726255,0.604794399588,1.207521108973,0.040207560420
14.249284333320,-2.108219427505,-0.282973525575,0.000609010012,1.228909101179,-0.000675352103,0.605200587248,1.207622729796,0.040207560420
14.330708815225,-2.108334787503,-0.282442910323,0.000610886707,1.228392204738,-0.000676038333,0.605579132375,1.207720303321,0.040207560420
14.412133297129,-2.108441339087,-0.281928382245,0.000612729660,1.227913395083,-0.000676780235,0.605931315933,1.207813989919,0.040207560420
14.493557779034,-2.108539596771,-0.281429483128,0.000614538916,1.227470870281,-0.000677573331,0.606258372974,1.207903943660,0.040207560420
14.574982260939,-2.108630048078,-0.280945766069,0.000616314554,1.227062893424,-0.000678413363,0.606561493708,1.207990312555,0.040207560420
14.656406742844,-2.108713154877,-0.280476795303,0.000618056690,1.226687791116,-0.000679296288,0.606841824575,1.208073238793,0.040207560420
14.737831224748,-2.108789354642,-0.280022146028,0.000619765474,1.226343951947,-0.000680218268,0.607100469337,1.208152858964,0.040207560420
14.819255706653,-2.108859061664,-0.279581404228,0.000621441083,1.226029824954,-0.000681175663,0.607338490172,1.208229304281,0.040207560420
14.900680188558,-2.108922668198,-0.279154166486,0.000623083724,1.225743918069,-0.000682165022,0.607556908766,1.208302700786,0.040207560420
14.982104670462,-2.108980545562,-0.278740039801,0.000624693629,1.225484796568,-0.000683183077,0.607756707415,1.208373169552,0.040207560420
15.063529152367,-2.109033045181,-0.278338641394,0.000626271055,1.225251081521,-0.000684226736,0.607938830115,1.208440826877,0.040207560420
15.144953634272,-2.109080499582,-0.277949598523,0.000627816280,1.225041448235,-0.000685293074,0.608104183652,1.208505784470,0.040207560420
15.226378116176,-2.109123223343,-0.277572548285,0.000629329603,1.224854624719,-0.000686379327,0.608253638680,1.208568149632,0.040207560420
15.307802598081,-2.109161513998,-0.277207137423,0.000630811341,1.224689390149,-0.000687482886,0.608388030798,1.208628025424,0.040207560420
15.389227079986,-2.109195652892,-0.276853022136,0.000632261830,1.224544573350,-0.000688601290,0.608508161604,1.208685510836,0.040207560420
15.470651561890,-2.109225906005,-0.276509867875,0.000633681417,1.224419051288,-0.000689732218,0.608614799749,1.208740700947,0.040207560420
15.552076043795,-2.109252524730,-0.276177349159,0.000635070468,1.224311747592,-0.000690873487,0.608708681967,1.208793687073,0.040207560420
15.633500525700,-2.109275746613,-0.275855149372,0.000636429359,1.224221631080,-0.000692023041,0.608790514094,1.208844556922,0.040207560420
15.714925007604,-2.109295796061,-0.275542960576,0.000637758477,1.224147714319,-0.000693178951,0.608860972073,1.208893394729,0.040207560420
15.796349489509,-2.109312885014,-0.275240483313,0.000639058222,1.224089052198,-0.000694339403,0.608920702936,1.208940281394,0.040207560420
15.877773971414,-2.109327213583,-0.274947426418,0.000640328999,1.224044740536,-0.000695502698,0.608970325770,1.208985294613,0.040207560420
15.959198453319,-2.109338970662,-0.274663506828,0.000641571223,1.224013914706,-0.000696667244,0.609010432669,1.209028509007,0.040207560420
16.040622935223,-2.109348334500,-0.274388449395,0.000642785317,1.223995748292,-0.000697831553,0.609041589659,1.209069996238,0.040207560420
16.122047417128,-2.109355473258,-0.274121986698,0.000643971708,1.223989451767,-0.000698994233,0.609064337606,1.209109825125,0.040207560420
16.203471899033,-2.109360545526,-0.273863858861,0.000645130828,1.223994271206,-0.000700153989,0.609079193109,1.209148061762,0.040207560420
